169.1104594330401
175.95307917888562
170.08797653958945
158.35777126099705
156.40273704789834
159.3352883675464
159.3352883675464
161.29032258064515
165.20039100684264
162.2678396871945
140.76246334310852
135.87487781036168
126.09970674486803
122.18963831867057
119.25708699902249
109.48191593352882
109.48191593352882
118.27956989247312
108.50439882697947
120.23460410557185
97.75171065493646
125.12218963831867
159.3352883675464
155.42521994134896
173.02052785923755
165.20039100684264
183.77321603128053
199.41348973607037
231.67155425219943
241.44672531769308
260.99706744868035
260.01955034213097
257.08699902248287
246.3343108504399
219.94134897360703
200.39100684261973
171.0654936461388
165.20039100684264
166.177908113392
169.1104594330401
